0.0858
0.0808
0.0747
0.0792
0.0505
0.0626
0.0545
0.0505
0.056
0.06
0.0589
0.0699
0.0627
0.0679
0.0611
0.06
0.06
0.057
0.061
0.0623
0.059
0.0609
0.071
0.07
0.067
0.07
0.0645
0.067
0.0653
0.0655
0.07
0.068
0.0667
0.0655
0.0664
0.066
0.0649
0.065
0.0648
0.064
0.065
0.0641
0.064
0.065
0.06
0.0629
0.0634
0.0609
0.0624
0.0616
0.0616
0.061
0.062
0.0611
0.0618
0.0637
0.0615
0.0622
0.062
0.0604
0.0619
0.059
0.061
0.0627
0.0621
0.0627
0.0622
0.0623
0.0622
0.062
0.062
0.0622
0.0619
0.0619
0.0619
0.062
0.0614
0.0611
0.0613
0.0614
0.0628
0.067
0.0869
0.0938
0.0965
0.095
0.0949
0.105
0.102
0.105
0.101
0.102
0.1024
0.097
0.099
0.107
0.1025
0.1055
0.115
0.132
0.1503
0.1877
0.1731
0.19
0.1989
0.1925
0.1955
0.1938
0.1931
0.23
0.26
0.39
0.34
0.243
0.21
0.24
0.2231
0.2682
0.276
0.279
0.2682
0.223
0.2299
0.2678
0.28
0.283
0.2768
0.2879
0.283
0.283
0.28
0.2844
0.283
0.27
0.2299
0.2082
0.2275
0.255
0.2511
0.205
0.19
0.204
0.233
0.2388
0.2
0.204
0.228
0.22
0.2299
0.2467
0.238
0.25
0.24
0.241
0.2401
0.267
0.24
0.25
0.25
0.248
0.2499
0.265
0.265
0.281
0.3
0.3
0.3
0.3
0.3
0.295
0.299
0.299
0.298
0.32
0.3229
0.323
0.3266
0.3266
0.3188
0.3176
0.4
0.386
0.3868
0.3495
0.313
0.313
0.39
0.4199
0.4443
0.4424
0.4199
0.41
0.417
0.4212
0.446
0.439
0.4799
0.52
0.7
0.716
0.69
0.811
0.92
0.8997
0.89
0.918
1.09
0.9803
1.07
1.0799
1.05
1.07
1.05
1.045
1.04
0.8989
0.949
0.85
0.8345
0.8702
0.9
0.9974
0.9111
0.958
0.89
0.86
0.9202
0.9399
0.9391
0.901
0.9103
0.8999
0.885
0.87
0.8645
0.9329
0.88
0.918
0.8925
0.8949
0.87
0.86
0.8254
0.8165
0.765
0.7411
0.759
0.809
0.8497
0.8669
0.8838
0.8552
0.82
0.799
0.7925
0.7897
0.7846
0.7741
0.782
0.779
0.68
0.71
0.74
0.7538
0.75
0.73
0.7369
0.77
0.86
0.9225
1
0.9899
1.0499
1.1123
1.162
1.1979
1.1421
1.21
1.409
1.7001
1.6301
1.559
1.7949
1.9
2.2106
2.88
3.5
3.0331
3.2
3.41
3.4061
3.333
3.45
3.641
3.8659
3.8
5.81
5.5
6.3002
8.198
7.1977
6.987
8.0339
7.19
6.88
6.805
5.5904
6.1197
6.6901
7.1499
7.42
8.3997
8.798
8.5002
8.3001
8.4299
8.8
8.741
9.57
10.6
14.29
18.89
16.7
18.5499
23.9234
29.6
28.919
23.9497
14.6511
18.5464
19.84
19.28
19.49
17
15.681
16.89
17.51
17.51
17.51
17.51
17.51
17.51
17.51
16.45
16.75
16.9498
16.845
16.101
15.397
15.4
15.4405
13.86
12.9069
14.7835
14.7761
14.314
14.38
14.9
14.2091
14.0094
13.951
13.99
13.81
13.7191
13.16
13.48
13.8502
13.6894
13.61
13.6954
13.68
13.98
14.0478
13.8821
13.9394
13.4901
13.4983
13.5303
13.35
13.0946
12.05
9.26
10.75
9.7999
6.55
7.9
7.7999
9.99
9.98
9.4625
9.4605
10.131
10.7957
11.1498
10.9641
10.9456
10.83
11.65
11.453
11.3113
10.895
10.94
10.8506
9.657
8.1794
8.5902
9.0701
8.969
8.7913
8.1995
8.21
8.64
8.48
8.178
7.611
6.8628
7.1864
6.53
5.03
4.7739
5.8644
6.078
5.8
5.6193
4.84
4.82
4.77
5.2
5.46
6.1119
5.6114
5.4278
5.5451
5.4683
5.33
4.8697
4.9156
4.7725
4.7794
5.1401
5.0324
5.027
5.024
4.96
4.87
4.7344
4.2728
4.0075
4.1029
4.1
3.9308
4.15
4.0462
3.9879
3.8421
3.557
2.56
2.419
2.27
2.348
2.57
3.1588
3.17
2.545
2.77
2.773
3.04
3.19
3.5811
3.27
3.248
3.15
3.2543
3.152
3.109
2.97
2.9596
3.0068
3.035
2.95
2.8399
3.08
3.031
2.9969
2.22
2.329
2.5604
2.25
2.05
2.1959
2.2
2.294
2.3289
2.3321
2.4321
2.5061
2.47
2.4799
2.55
2.7502
2.9701
3.06
3.1151
2.794
2.8281
2.8798
3.03
2.99
2.98
2.97
3.05
3.2511
3.135
3.2499
3.15
3.2
3.2
3.2001
3.193
3.5202
3.95
3.89
3.8901
3.9468
3.94
4.225
4.018
4.07
4.1855
4.166
4.248
4.722
5.2677
5.2168
4.8808
5.5738
6.9476
6.6969
6.81
7.1136
6.3257
6.36
6.9
6.8
6.41
6.75
7.0018
6.6825
5.6
5.92
6.3598
6.4898
6.18
6.3097
6.356
6.2898
5.75
5.34
5.292
5.6267
5.3809
5.4905
5.4838
6.0756
6.1
5.9593
5.8734
5.6888
5.4535
5.69
5.6
5.83
5.9126
5.6005
5.5147
5.26
4.4629
4.3251
4.2739
4.41
4.222
4.3867
4.3615
4.272
4.4247
5.015
5.0288
4.773
4.922
4.956
4.868
4.86
4.9213
4.705
4.6144
4.82
4.9843
4.9901
4.9375
4.9302
4.8611
4.8332
4.91
4.8901
5.27
5.38
5.3266
5.3439
5.2159
5.2794
4.6939
4.8379
4.8149
4.7043
4.686
4.676
4.55
4.6191
4.8113
4.788
4.8084
4.86
4.9087
4.827
4.974
4.952
4.9101
4.919
4.9499
4.6872
4.7925
4.8719
4.8367
4.9279
4.9197
4.94
4.9597
4.9689
4.932
4.9759
5.1178
5.1377
5.35
5.2601
5.2035
4.96
5.0982
5.1318
5.0976
5.1095
4.9794
4.9044
4.9491
5
5.0737
5.1344
5.067
5.077
5.0499
5.06
5.05
5.0437
4.85
4.96
4.9462
4.93
5.0059
5.035
5.0887
5.0998
5.118
5.0995
5.09
5.0998
5.0988
5.1397
5.119
5.1455
5.1032
5.139
5.1358
5.15
5.135
5.1801
5.2748
5.249
5.2051
5.266
5.44
5.46
5.591
5.633
5.56
5.4683
5.5747
5.7
5.929
5.9541
6.5
6.4
6.1638
6.31
6.4988
6.67
6.6801
6.5478
6.4285
6.35
6.3048
6.4195
6.647
6.6059
6.65
6.69
6.629
6.76
6.4499
6.5101
6.67
6.6481
6.7621
6.799
7.0215
7.1999
7.15
7.7644
7.6651
7.5421
7.621
8.4996
8.8
9.1098
8.87
8.52
8.8455
8.4096
8.4457
8.6
8.8
8.9
8.9
8.8881
8.7103
9.098
9.35
9.5503
10.53
10.97
10.984
10.87
10.8552
11.1
11.0553
11.0611
11.3864
11.5102
11.624
12.0375
12.19
13.25
13.5
11.5836
11.61
8
10.1
9.915
9.8068
10.1
10.6
10.5239
10.61
10.95
10.94
10.9169
10.777
10.16
9.9654
10.2041
10.53
10.3847
10.9997
11.181
11
11.037
11.02
11.17
11.3308
11.3649
11.399
11.67
11.75
11.87
11.89
12.25
12.5725
12.2825
12.368
12.2378
12.1933
12.1
12.197
12.27
12.3089
12.391
12.3631
12.4
12.4
12.84
12.89
12.85
12.688
12.505
11.8
11.7781
11.895
12.12
12.03
12
11.861
11.7389
11.8381
11.8499
11.81
11.9398
11.7401
11.7399
11.6311
11.7101
11.65
11.65
10.8616
10.1706
10.2605
10.7
10.6
10.8875
11.201
10.57
10.4688
10.6425
10.8001
10.748
10.899
10.92
10.925
10.815
10.89
10.8687
11.008
10.9512
10.95
11.1977
11.7489
11.7889
11.6515
11.7999
11.7328
11.77
12.4219
12.345
12.4115
12.4821
12.2455
12.2
12.3477
12.45
12.565
12.562
12.5
12.679
13.41
13.38
13.299
13.4999
13.4201
13.388
13.4334
13.557
13.6989
13.7001
13.6
13.4901
13.3
13.2501
13.299
13.599
13.5246
13.5
13.3714
13.312
13.38
13.35
13.4679
13.4217
13.4212
13.4
13.45
13.51
13.3041
13.28
13.3979
13.5
13.44
13.454
13.5876
13.7428
13.77
14.14
14.137
14.237
14.116
14.3
14.25
14.73
15.5
15.705
15.615
15.7
16.8
17.2614
17.5
16.896
17.4
17.88
17.8182
18.721
19.5254
19.7
20.41
20.499
19.63
20.59
20.4301
20.6
21.18
22.15
22.66
23.65
23.9698
24.65
25.1698
24.2
27.2205
27.1
27.2158
26.8146
26.95
29.4176
29.645
29.7477
30.2454
29.8
29.89
30.4
31.1
30.9012
33.38
34.5
34.25
34.5
36.152
40.33
41.0201
42
44.18
46.85
46
48.4
44.2899
46.92
47.1696
46.95
47.0002
47.4
51.6
59.14
64.4888
70.85
69.865
64.35
71.5
73.6
78.5
88.92
86.18
90.5
92.19
93.03
104
117.98
135
132.12
142.3236
142.6311
162.301
187.5
230
165
124.9
117
93
90
82.386
68.3557
93.07
109.01
118.48
126.6155
119.2
127.4
143.475
154.2
141.71
136.9
128.0001
134.4444
143.9999
139.2269
116.38
106.25
98.1
112.9
115.98
112.25
109.6001
113.2
112.799
117.7
115.64
114.82
117.9797
111.4
114.22
118.21
123.5
123.211
122.5
122.02
122.89
123.8
126.3
133.1
131.986
133.5
129.77
129
132.25
128.799
128.8151
129.3
122.5
120.7372
121.4
121.9
118.9699
111
107.8924
100.4374
106.35
109
108.7759
103.949
100
99.8
99.9
101.95
107.35
108.251
111.29
109.5
108.2
107.9
102.09
103.3293
104
101.7368
94.66
94.999
97.51
84.6069
87.6562
76.8901
77.685
66.34
66.855
72.5053
74.56
74.225
84.515
91.22
88.465
91.3888
90.3713
93.14
92.7415
90.5425
85.4298
85.7775
85.6675
85.4725
86.0862
86.9389
87.4575
89.41
90.6325
89.0975
92.1
93.2981
96.31
97.915
96.4175
97.24
96.66
96.6
96.92
97.1331
96.92
94.775
93.36
93.2875
94.1625
95.085
97.9021
97.96
97.545
98.33
99.565
98.845
102.2997
105.0125
111.445
109.73
107.5475
108.6875
111.795
112.23
117.4461
117.59
117.5227
123.2332
129.46
128.2597
127.3648
127.5915
120.5738
120.5333
116.321
119.0547
116.595
120.0188
121.458
125.4518
125.7598
126.5072
124.0813
124.5783
125.0618
125.9683
126.3045
124.1937
122.9008
122.6435
122.651
122.2235
122.5383
123.423
123.4763
123.4983
124.7483
125.1807
123.0983
125.4938
99.8135
116.8168
121.2945
121.1398
121.6828
123.245
124.3182
125.8423
125.6982
125.5117
126.5232
130.4155
133.0355
138.6417
137.4188
142.735
149.5947
159.8115
163.0632
174.1772
183.8648
200.62
183.1482
178.1217
175.9008
185.6888
187.8683
198.1932
194.5493
198.2263
198.5098
200.8473
207.6335
225.196
239.29
253.6933
283.3023
323.767
336.1358
311.9005
332.6263
349.3425
393.2795
410.723
409.1675
428.8238
476.295
674.3768
541.8257
572.6675
695.8668
747.4818
776.6998
751.377
778.6753
899.2
948.4088
1037.755
1120.3971
1124.7631
946.9237
1038.3485
1068.6675
1147.2457
1042.0267
834.0262
694.4709
795.3968
898.0222
989.9975
883.2617
875.7474
898.2112
867.495
879.4692
712.508
683.8408
522.2288
698.4503
622.8418
608.9638
617.8158
673.1677
667.6203
687.3557
765.2067
746.7232
730.4715
745.0712
754.7645
757.4953
770.4357
808.0485
830.024
858.9833
940.0972
951.3865
810.5833
859.9485
860.895
884.6667
930.905
873.2635
857.9564
851.828
874.713
847.3735
828.222
843.7583
878.6807
871.0483
874.2885
863.95
854.3475
825.1221
861.8516
880.1523
814.5302
833.9395
837.5148
845.8467
848.2875
853.0164
854.375
846.9048
842.0123
820.867
783.6211
703.567
676.9094
681.9371
679.7338
669.4418
648.3835
598.4075
656.6068
645.43
610.6525
621.494
621.2235
617.71
552.2138
569.0425
604.7473
604.5823
545.3225
534.7108
577.0858
576.698
543.9265
563.7358
560.3045
661.1225
663.598
661.7858
658.7245
625.8278
615.24
633.1825
625.8285
628.9543
631.3913
638.165
626.7067
633.6652
630.7167
621.2225
613.6315
608.8157
586.5898
570.7705
564.4215
561.3534
586.2718
582.2802
579.0722
478.1595
502.4399
493.1803
461.8695
458.4972
478.7163
437.515
447.0822
448.8792
464.8259
460.7028
446.2195
450.4638
440.1983
360.8407
420.0563
420.66
414.9495
457.6338
520.1233
529.1625
494.4
478.2312
501.5515
497.3177
493.0921
484.429
486.9317
500.2568
459.6104
456.1395
429.6537
437.0587
444.2533
445.8655
456.2673
446.6438
436.9381
434.0643
429.7242
426.992
436.9605
435.343
448.235
452.7108
436.542
438.4278
437.413
441.7498
444.3162
445.0133
446.3583
444.809
444.3128
485.8305
489.1625
526.0577
519.0392
525.6332
570.095
581.8267
569.6332
574.4547
565.5058
616.47
623.2567
629.0242
658.786
665.73
636.7837
656.0598
645.5647
652.7083
653.6402
645.341
649.8068
627.9098
581.8033
597.4267
571.6902
591.9718
588.06
607.3427
604.8752
592.2648
588.5215
591.0298
598.8765
587.4598
575.0667
562.1263
579.3842
600.8645
591.994
598.6032
639.3623
635.5905
647.34
640.6879
626.9575
628.3313
631.7065
617.9918
620.2193
620.5496
615.1129
631.1804
634.4775
627.5759
618.3798
619.3558
615.2039
622.6234
628.2156
625.8011
621.3725
620.0103
618.8076
617.9274
600.0065
599.928
593.8526
590.9454
584.6931
582.2034
564.37
581.3501
595.0845
587.2878
585.5078
586.7639
583.1125
583.0355
587.3971
590.5324
588.095
589.45
573.3066
568.2099
544.5681
508.5536
496.6164
519.8314
492.9513
460.6719
486.736
511.9259
516.1605
513.9419
497.2185
508.5735
501.6296
513.4704
510.43
507.0154
508.4224
501.2031
478.0734
474.1346
475.3181
474.537
489.0865
480.501
482.2371
479.4833
472.1479
471.5576
477.5273
476.3349
473.8254
477.0861
474.715
471.3586
463.7388
454.9143
421.4594
391.9439
406.8248
396.567
398.8854
435.3779
422.2984
408.7985
401.9203
398.3571
376.1983
374.7344
386.2687
381.3324
371.9859
356.5566
325.4921
319.6406
328.4594
334.0911
352.7889
363.7751
358.6859
359.2029
376.1891
388.377
398.7068
391.8433
380.0801
380.4216
388.9618
386.5889
379.3713
382.377
379.0963
355.8614
355.1695
346.1126
351.5414
348.9613
351.8971
333.3788
343.7828
336.7995
325.3865
323.7426
324.2303
328.2833
337.139
348.235
341.0795
344.034
363.3062
365.2897
366.9933
427.2403
417.1528
398.4273
375.1288
388.5542
385.8593
372.377
377.2368
356.1388
348.8617
352.0417
366.7687
375.2355
375.7174
368.5104
369.1426
375.8489
375.2228
377.0901
378.6444
381.5364
374.9728
369.155
376.0361
374.0196
374.2558
360.9419
351.2694
344.6171
347.1331
350.9412
347.4713
351.1439
345.0961
326.0815
319.1713
310.7458
317.006
329.5742
319.2411
330.6709
334.0467
321.8843
318.6118
327.1582
315.167
316.7959
312.4412
309.8708
319.6958
313.9247
314.5916
279.8507
263.6343
272.9486
285.5759
294.8778
283.2513
288.8441
274.0668
265.3692
267.0873
226.9823
177.2795
210.4636
207.2243
199.625
209.932
213.9783
210.4817
225.9816
232.6616
232.9673
247.9855
254.5073
271.9491
262.0605
233.2087
232.4048
226.5033
216.9137
226.3959
237.5409

